410
6117
14270
17536
18348
21618
21760
21904
28589
31524
50386
60128
97554
131710
136645
145460
146208
147131
147960
150551
152027
158556
158913
161046
165935
203480
215873
246246
248705
255644
257395
270103
290078
312193
317600
327799
330442
337523
342003
358931
361357
363121
365203
371992
388996
396378
400676
411920
415981
418827
422008
422772
423596
423845
427451
430162
437703
438941
445227
446516
455011
456362
456504
475330
487774
501197
503691
508456
511465
511601
511913
513062
522293
523385
528202
532813
542668
546642
547052
548741
551135
551799
552961
711090
776370
792631
826402
921375
968442
1130128
1183362
3695052
3705084
3707881
3708133
3730141
3735428
3816887
3820956
3900547
3912871
3940978
3943372
3966730
3975028
3991368
4120831
4136251
4150213
4151355
4183230
4183274
4185602
7402512
7407886
7408338
7410516
7430355
7446657
7447730
7451246
7492894
7541138
7582809
7590454
7597213
7617144
7666987
7667088
7680640
7681891
7685890
7691751
7693298
7695182
7742314
7743422
7886797
7907063
7978514
8012524
8091769
8100610
8108395
8108622
8130260
8251148
8285535
8351038
8401494
8402070
8521143
8547145
8561178
8562810
8606535
8612371
8640036
8641884
8642166
8650259
8756005
8820234
8821681
8860021
9007427
9061844
9085010
9092171
9098014
9103230
9136385
9142572
9150384
9153601
9196028
9291506
9306924
9309049
9310727
9330924
9331282
9335651
9346284
9351130
9351313
9351506
9357909
9401951
9407997
9412864
9418695
9425670
9650310
9666736
10047277
10048496
10067546
10125765
10132306
10183718
10207659
10245880
10285559
10431361
10436022
10550867
10550983
10594001
10601098
10613132
10625134
10625269
10686729
10691237
10691474
10695595
10705392
10712423
10713461
10776586
10778079
10790014
10790378
10792339
10795124
10798262
10801583
10802718
10803970
10805339
10810909
10832327
10861260
10861722
10865346
10868937
10878637
10901909
10940397
10942813
10949014
10967231
10967893
10970679
10977751
10985765
10997666
10998011
11000141
11038692
11042233
11042512
11061618
11072410
11081436
11082752
11089013
11093300
11096793
11132155
22635152
22641927
22642409
22645999
22646214
22671469
22671555
22740788
22746957
22750538
22761337
22792084
22811940
22812600
22813610
22817146
22825425
22826213
22828850
22832881
22852112
22855007
22857193
22858622
22858736
22866614
22867953
22867983
22868826
22875416
22901002
22931740
22937341
23741592
23741879
23754033
23755361
23755815
23758730
23768335
23777519
23780901
23783829
23785245
23786833
23865290
23867104
23878417
23895456
23895559
23895935
23902810
24126681
24127598
24173742
24178325
24181230
24185176
24195547
24261000
24290244
24320876
24321888
24351012
24392751
24446410
24455162
24456284
24475106
24485689
24485721
24487020
24506477
24508076
24511362
24515326
24516777
24520717
24527461
24532333
24533470
24540792
24541888
24542743
24556060
24556216
24557851
24560948
24562908
24568571
24655177
24668869
24672044
24672366
24673084
24681202
24683347
24685691
24687320
24701098
24705725
24707432
24708198
24806552
24810199
24835796
24836320
24836947
24868256
24868823
25078514
25080700
25085825
25087606
25097288
25098518
25715899
25718765
25750387
25752940
25753646
25935365
25982199
25990194
26109026
26121736
26123232
26175885
26182295
26183352
26295198
26296290
26371343
26431309
26485765
26488108
26490932
26491593
26491774
26523439
26535854
26541395
26541542
26543948
26561542
26563680
26661839
26663363
26672185
26673241
26678196
26690788
26765523
26767569
26782687
26782996
26791956
26795578
26796767
26798118
27037630
27038560
27040105
27040621
27045006
27045644
27113714
27118037
27118162
27126185
27217241
27222912
27236660
27238636
27253268
27275044
27302723
27315277
27317863
27336115
27341074
27347472
27366052
27366358
27367883
27371690
27373671
27471581
27473988
27491414
27494045
27495517
27500058
27508265
27508862
27510551
27513035
27520040
27853149
27853899
27860601
27872061
27872372
27873454
27875880
27901204
27903131
27906412
27915006
27945664
27951847
27968175
27990330
27991500
27995535
27996740
28000882
28003537
28008456
28010060
28010665
28020806
28021651
28032580
28045116
28081105
28088959
28090381
28092894
28097721
28101522
28102109
28107778
28116635
28122439
28133438
28286305
28287156
28292965
28295931
28297068
28297700
28298262
28305806
28310052
28311286
28325200
28332053
28352931
28355151
28366405
28373892
28380852
28388004
28392668
28407049
28412812
28413580
28415045
28416322
28420150
28421427
28421577
28422633
28433378
28443756
28453175
28461493
28463114
28473634
28473762
28476623
28497211
28500095
28517227
28527176
28532194
28532285
28541561
28543351
28544007
28560895
28657645
28658645
28661431
28661901
28705297
28708611
28716825
28718535
28721661
28722063
28731440
28737115
28746273
28751294
28753772
28755085
28756062
28758271
28760192
28763064
28763339
28767530
28768367
28773605
28776307
29171027
29186813
29188835
29238568
29288709
29300417
32495317
32511555
32512447
32515044
32520067
32527452
32530388
32531986
32533548
32536525
32537883
32538422
32540757
32552543
32555593
32556201
32558375
32561960
32566533
32575107
32585896
32592411
32593103
32595314
32600327
32600638
32610919
32612613
32616693
32617191
32618064
32622157
32645401
32647259
32648131
32651246
32655351
32660127
32665290
32666229
32667692
32671062
32676877
32703579
32712396
32712948
32715045
32737124
32737209
32742291
32743225
32743355
32745615
32755957
32756583
32757768
32761020
32762406
32764032
32770226
32775707
32806765
32810665
32815113
32816454
32826504
32833575
32833943
32835308
32836952
32846338
32846486
32848677
32856432
32862507
32880697
32883354
32897130
32900206
32900589
32902602
32915332
32921459
32923394
32923832
32935069
32935513
32943175
32957196
32965650
32971122
32982973
32987409
32990885
32999945
33050135
33227999
33316888
33588797
33600535
33623616
33634039
33638111
33645981
33648148
33650585
33653492
33670627
33690189
33690209
33708328
33716727
33735395
33750370
33753329
33770155
33778044
33782854
33791269
33793028
33806462
33807952
33811290
33816811
33825621
33825881
33826655
33838615
33847707
33863912
33871184
33873474
33882851
33887230
33898855
33908059
33911483
33913089
33915973
33916033
33925114
33930428
33941167
33942428
33942797
33943648
33968686
33970356
33971606
33972210
33983016
33985867
33985932
34005420
34009041
34011780
34020548
34021927
34023400
34040252
34041421
34047760
34052018
34063235
34065461
34066065
34067709
34073506
34077447
34078971
34080151
34082037
34083604
34098762
34102067
34102478
34103314
34121853
34131587
34132123
34136537
34145476
34197973
34200776
34200983
34209029
34215535
34217616
34227911
34237956
34244040
34245042
34247444
34250938
34251438
34275252
34290473
34310386
34317008
34327055
34327699
34338176
34347646
34351897
34356050
34360127
34456077
34465434
34490635
34490832
34491600
34500995
34503426
34512073
34518367
34530829
34543310
34547486
34551239
34551781
34561970
34590498
34593323
34598030
34602809
34605308
34611037
34611438
34612764
34616714
34616919
34627921
34633288
34633615
34633773
34637181
34637325
34641804
34643916
34647068
34647653
34648132
34656461
34656957
34667706
34671752
34672502
34677063
34678011
34678200
34678382
34678535
34681512
34681849
34682569
34683855
34686064
34698245
34701113
34705321
34707088
34712783
34712853
34712941
34713731
34715875
34716067
34716968
34730171
34740946
34743376
34747288
34755533
34756842
34757890
34762697
34765053
34773329
34775156
34775318
34775521
34775563
34781813
34790235
34792936
34792938
34795873
34796598
34810459
34816090
34821864
34823818
34826527
34828174
34831283
34831673
34833164
34833694
34842162
34842222
34854048
34856670
34857684
34862370
34862780
34863308
34865960
34866176
34867078
34867124
34871026
34873535
34875914
34876606
34876823
34893380
34893685
34895587
34900611
34900986
34910559
34911558
34917606
34925407
34930406
34932577
34932944
34935804
34937780
34943469
34950394
34950610
34960483
34978600
34982377
34986496
34996984
35011667
35016757
35017555
35017580
35035684
35095045
35126880
35146656
35148275
35148984
35156376
35156652
35260619
35287856
35295794
35300304
35307505
35316088
35323115
35348107
35351067
35352612
35358137
35360898
35360899
35361912
35366601
35465425
35555649
35567947
35576606
35595763
35596839
35616687
35660073
35806423
35926692
36006721
43381490
44647328
45026646
45038269
45056481
45117139
45270308
45270577
45274416
45275679
45292452
45297541
45308545
45309988
45310694
45315764
45317965
45319957
45323535
45325198
45325276
45447821
45452855
45455801
45456514
45471505
45472949
45475967
45507347
45508201
45511535
45512928
45514119
45514494
45576864
45582497
45582742
45583763
45591274
45594298
45602724
45606382
45608244
45608778
45609088
45613552
45613658
45615599
45618653
45621728
45622056
45622488
45622511
45622654
45626995
45628626
45641906
45642035
45647897
45705048
45821791
45906283
46068695
46154313
46323625
46323649
46324536
46325750
46469381
46469574
46469854
46470777
46470795
46477644
46478034
46478313
46484659
46490602
46493824
46497607
46500267
46501327
46516080
46516217
46516287
46523166
46529659
46530715
46532011
46535370
46539432
46544695
46545604
46546683
46557060
46557148
46560751
46562043
46563400
46578432
46579758
46579832
46622992
46624393
46625974
46626438
46687998
46690234
46693178
46694482
46695056
46697570
46697707
46698918
46704297
46704555
46734204
46735760
46738650
46740847
46776956
46854512
47114925
47115101
47117238
47118377
47119674
47129355
47136754
47138026
47138497
47140169
47141349
47150482
47151170
47156496
47157214
47158875
47159350
47162112
47165043
47171115
47173553
47177113
47178989
47179682
47193522
47198034
47198289
47198436
47199578
47202052
47204651
47205414
47206217
47208742
47210450
47210559
47211013
47212169
47215182
47217996
47223269
47230785
47230928
47233494
47236265
47236609
47238943
47239335
47241120
47242372
47243329
47243718
47244449
47245050
47246858
47249335
47249667
47251408
47251932
47252257
47253144
47253354
47253617
47257409
47259788
47266860
47269611
47269850
47312966
47318275
47323188
47323914
47327139
47328046
47331871
47334960
47335522
47346477
47349821
47350115
47362437
47365046
47386613
47570950
47577500
47582845
47585568
47588481
47594039
47595726
47598299
47609124
47609144
47616254
47626306
47631505
47633520
47636194
47638754
47643821
47643992
47648555
47654388
47655661
47657876
47658914
47661095
47661130
47666732
47668576
47669034
47670486
47677484
47677971
47678124
47679019
47679645
47681484
47686631
47694680
47699261
47700633
47704945
47707703
47710229
47712519
47714961
47715573
47715734
47715982
47720202
47721306
47721784
47732882
47732953
47734011
47736764
47759180
47759811
47764734
47765717
47766737
47770093
47772521
47775354
47776086
47776097
47780922
47784749
47787598
47788692
47794899
47798544
47800192
47805587
47809561
47818328
47820717
47864894
47867025
47870618
47871129
47873905
47875185
47875833
47878234
47886239
47887314
47887694
47889757
47891042
47892101
47892302
47894300
47895658
47898553
47907482
47910793
47911428
47913521
47914162
47914595
47916830
47917737
47918826
47922944
47923333
47925026
47925508
47929029
47931857
47934273
47935864
47936797
47938322
47941047
47941328
47942786
47942974
47943279
47943490
47946626
47950764
47951822
47951836
47952025
47952136
47952399
47953809
47954957
47956053
47956841
47956931
47957037
47958314
47960429
47961453
47962168
47963147
47964402
47969936
47975110
47981013
47981928
47984522
47988243
47994111
48001545
48003206
48003799
48008613
48011044
48018228
48020268
48021305
48025460
48026607
48028778
48030153
48037641
48043131
48043365
48055862
48060170
48066499
48068858
48074803
48086321
48098787
48104767
48106727
48109557
48120171
48124739
48126097
48128992
48130563
48132228
48133802
48139391
48140249
48140420
48142225
48149178
48149851
48155275
48161063
48161615
48162435
48164232
48164482
48165476
48168272
48168681
48169976
48170862
48174404
48175113
48177280
48177315
48189364
48189542
48190162
48190907
48191747
48238810
48239793
48243844
48249544
48254138
48254218
48255348
48258629
48261151
48269289
48270031
48270614
48271760
48273442
48276030
48284212
48290592
48293609
48294104
48294443
48294719
48300090
48300178
48307844
48309670
48312332
48312948
48314041
48320447
48321514
48323066
48325332
48325786
48327947
48330078
48331230
48332723
48352874
48353327
48358498
48359346
48361271
48363039
48364187
48365098
48366833
48367047
48369542
48370260
48371789
48372437
48373325
48373879
48375307
48376547
48376907
48377417
48377936
48378626
48379077
48381171
48381328
48382095
48390189
48392834
48394172
48395309
48395731
48396843
48397422
48400930
48403688
48404225
48405394
48409428
48409994
48411080
48413874
48415218
48418244
48418605
48421038
48422405
48423957
48425269
48425754
48429907
48430312
48431282
48432018
48435369
48438117
48439202
48440473
48440486
48446015
48446695
48453146
48455162
48455212
48455954
48459268
48460072
48466887
48467324
48468912
48476551
48476777
48478479
48481672
48489514
48490562
48493294
48498192
48499533
48501347
48503465
48503539
48507155
48510336
48523462
48526545
48544518
48545280
48545461
48548442
48550761
48554235
48555663
48556959
48557953
48563615
48567247
48572859
48577759
48582861
48589929
48591622
48595666
48597392
48607031
48611128
49034138
49039986
49040252
49044496
49044757
49051136
49052922
49053113
49054585
49060561
49062323
49086412
49086419
49088917
49091420
49098778
49099045
49099901
49101617
49102026
49108461
49113062
49116001
49117645
49118353
49119097
49119520
49120492
49122539
49123340
49141018
49142056
49145102
49145193
49145221
49146153
49146280
49147883
49153612
49160941
49161132
49165137
49173929
50054701
50055295
50055559
50058249
50061083
50062130
50067434
50067472
50072503
50072928
50078054
50078067
50078112
50079159
50080037
50082253
50082529
50083415
50084467
50086198
50089962
50094756
50095541
50103103
50105803
50107726
50109498
50110016
50110316
50111201
50115817
50116142
50116211
50117145
50117691
50121820
50125313
50126409
50126806
50130438
50130762
50131397
50132368
50133067
50134692
50135626
50135644
50135988
50137928
50139896
50140306
50144553
50144583
50144966
50146868
50172611
50173315
50174350
50176969
50178278
50178652
50180247
50183885
50187889
50189013
50193026
50193104
50194387
50196961
50197242
50197645
50200085
50200453
50200554
50204305
50204335
50204859
50215155
50217184
50218200
50218331
50218402
50219278
50221451
50222291
50223816
50225543
50227522
50228699
50229321
50230790
50230805
50231709
50232160
50232425
50236030
50237551
50237585
50240096
50242356
50243965
50246780
50248495
50251068
50255268
50255976
50256112
50260458
50260586
50264772
50267131
50270082
50275797
50278682
50279317
50280124
50281598
50281921
50282077
50285099
50285124
50288840
50289184
50291433
50293239
50293529
50296681
50296722
50301004
50301045
50302551
50303999
50304101
50306057
50306318
50308032
50312967
50313833
50315411
50326566
50330858
50331144
50338383
50341066
50342822
50343468
50345122
50347593
50349684
50350783
50355944
50359468
50360573
50361163
50363950
50366142
50368880
50369400
50370845
50374167
50375160
50375577
50375639
50376731
50377094
50377581
50378757
50379213
50379770
50385021
50385188
50386714
50390598
50390680
50391010
50397221
50398390
50399949
50401364
50404610
50406533
50406743
50412376
50412542
50417025
50419618
50419814
50421172
50424488
50426773
50432303
50433493
50435443
50435759
50436258
50443778
50450959
50454939
50455676
50456663
50458450
50459546
50459553
50462832
50465728
50465837
50468952
50471420
50471524
50472961
50475870
50475892
50476664
50479480
50480263
50482078
50485800
50486066
50488513
50489530
50490902
50492710
50497694
50498531
50500155
50500560
50502086
50503640
50508038
50508889
50510763
50512458
50514185
50516968
50518888
50522313
50522947
50523667
50525785
50525994
50531694
50538605
50539714
50540802
50545035
50546356
50546691
50546834
50547359
50548272
50548494
50549239
50550365
50550659
50551109
50552425
50576693
50577494
50581055
50582131
50594197
50601835
50605985
50606729
50607450
50609294
50609451
50611569
50611655
50613815
50616451
50617209
50620932
50624031
50626280
50628535
50629535
50629709
50636337
50636629
50641569
50641641
50641787
50642463
50646539
50646709
50648497
50648870
50655212
50656101
50661210
50662519
50663537
50664577
50664957
50665875
50666070
50666720
50670741
50671380
50671485
50676731
50678670
50682602
50686740
50687049
50690129
50695921
50696111
50697225
50698274
50698350
50699089
50699252
50701062
50702262
50708958
50709862
50711091
50712831
50713330
50715774
50717340
50717599
50718312
50719211
50719932
50720147
50722156
50722991
50723153
50724096
50726018
50726065
50727105
50727386
50729604
50729697
50758329
50759324
50900508
50901602
50903358
50903655
50905845
50907084
50938957
50941537
50941981
50942098
50944623
50946142
50946973
50951710
50953234
50954669
50956595
50957169
50957707
50967147
50970593
50971979
50976401
50978140
50982108
50983121
50984022
50984553
50989452
50993152
50993964
50994144
50994684
50995611
50998299
51009640
51010811
51039422
51040902
51044441
51046665
51049959
51050403
51053679
51053763
51060988
51062099
51063959
51065261
51065973
51069278
51069702
51072041
51080395
51084534
51107902
51108695
51110990
51112911
51113253
51114644
51117307
51119618
51119826
51119899
51120990
51121331
51121566
51122075
51122145
51122701
51123599
51123757
51128969
51129831
51133455
51133681
51134843
51135612
51135906
51136669
51137905
51141690
51142314
51147272
51148499
51149217
51149443
51150570
51150634
51151609
51155066
51155427
51155879
51156690
51157328
51157892
51160126
51163668
51168619
51172531
51174129
51175084
51181021
51181376
51188653
51192432
51193371
51194341
51195605
51201840
51203715
51203719
51203776
51203791
51205372
51206788
51207343
51209455
51217020
51217895
51218109
51220701
51221833
51224353
51225055
51225545
51226603
51227815
51248627
51249651
51249678
51251387
51254238
51255288
51255630
51263450
51263666
51263882
51265041
51268380
51268958
51269180
51271114
51274891
51274957
51274991
51275195
51275847
51277105
51297960
51299671
51323113
51326480
51326819
51328853
51329397
51332127
51333893
51334530
51335207
51338265
51339239
51339289
51339335
51341192
51342298
51343486
51344153
51348988
51349978
51351276
51352219
51353833
51354963
51355867
51357232
51398840
51400957
51401839
51402410
51403149
51405089
51406070
51410524
51411076
51412107
51413309
51416327
51416849
51417158
51417257
51418931
51420167
51424990
51427853
51431404
51434668
51434772
51436569
51438272
51441391
51442408
51443019
51444059
51444793
51444927
51446207
51446957
51446987
51447140
51449143
51449427
51451974
51456295
51458249
51461705
51462140
51462905
51465032
51465518
51466126
51466192
51473378
51473665
51475981
51476111
51477677
51479030
51483234
51486182
51486527
51486572
51492745
51533489
51534955
51540288
51543708
51550768
51551800
51552105
51554789
51555161
51564336
51569932
51576559
51576783
51578476
51579053
51579862
51580790
51623220
51624892
51627443
51627865
51631117
51632867
51633473
51633891
51634217
51634501
51634892
51635115
51635582
51637190
51640589
51642766
51644533
51647138
51648577
51648671
51698047
51698487
51718561
51722236
51722290
51723046
51725329
51726482
51727217
51730767
51731088
51733165
51733213
51733398
51734694
51735291
51735761
51736808
51737781
51737927
51744161
51744749
51747388
51752114
51753312
51754665
51756854
51757965
51765091
51765342
51765998
51768422
51771229
51774774
51774779
51775205
51775322
51776923
51777846
51779388
51779635
51780886
51782096
51782678
51783592
51786027
51786356
51786584
51790362
51791147
51792246
51793073
51796037
51798563
51800204
51800860
51804013
51807204
51808741
51813662
51820437
51822233
51824015
51824050
51825737
51827572
51829279
51829987
51836803
51842447
51844475
51845440
51847604
51850016
51851099
51852516
51853169
51853963
51857034
51865672
51872471
51879046
51879916
51885334
51887562
51887655
51891380
51892058
51896225
51901840
51903139
51905068
51909647
51910925
51911833
51913453
51914190
51914843
51915133
51917812
51920637
51923719
51924430
51930415
51931257
51933107
51935176
51935940
51936504
51937631
51941467
51941882
51943338
51957121
51957631
51958582
51960933
51961017
51962917
51964898
51964901
51966156
51967536
51968412
51970969
51971116
51971863
51971995
51976572
51979340
51984435
51988964
51989883
51990216
51992313
51993826
51994181
51995498
51995594
51996741
51997264
51999222
51999717
52005075
52006976
52007338
52013549
52013879
52015088
52016218
52017546
52017953
52021021
52023717
52025691
52033173
52035721
52038260
52040041
52040984
52043005
52046721
52049518
52049586
52050596
52051739
52052176
52053677
52056435
52058830
52062751
52064411
52066953
52068463
52071117
52071961
52073430
52075732
52078587
52080487
52082946
52084750
52085559
52088948
52091839
52092307
52098405
52111018
52115253
52115316
52116631
52117215
52120737
52123091
52126133
52129413
52130122
52130149
52130800
52154871
52156182
52158795
52160414
52160944
52164855
52165377
52166832
52167115
52168398
52168633
52168646
52169621
52169688
52170487
52180591
52182283
52185602
52186842
52188276
52189556
52190116
52190181
52191950
52193687
52196272
52197481
52201089
52203477
52205954
52206908
52209148
52209827
52212398
52215179
52215796
52216211
52216740
52217883
52218765
52221995
52222556
52224816
52227216
52228005
52228624
52229928
52232276
52241420
52247031
52250163
52250899
52258618
52263602
52263993
52264407
52265310
52265333
52266220
52266907
52267065
52268827
52268864
52269139
52278218
52279373
52281815
52289606
52294296
52295413
52300101
52301174
52302351
52302991
52304004
52306846
52308099
52310544
52312585
52314189
52314194
52315585
52315983
52317355
52318788
52325352
52326152
52326805
52331021
52331543
52333005
52333010
52337473
52338094
52340412
52340663
52340863
52341006
52341127
52343390
52345140
52345946
52347156
52347231
52360793
52365388
52367679
52367950
52376280
52382354
52385971
52387893
52392138
52397888
52398693
52402403
52402548
52403041
52406322
52406744
52407221
52412028
52413138
52413368
52413925
52414918
52417329
52417921
52419275
52419947
52421201
52421887
52424747
52425938
52426297
52426825
52432674
52433042
52435054
52438245
52438860
52441120
52463908
52465267
52467257
52469887
52470067
52470841
52476463
52476625
52479298
52481145
52481398
52482751
52485129
52485344
52485395
52485472
52485645
52491381
52493982
52494984
52497434
52497755
52500653
52502006
52633317
52638809
52641501
52642515
52653376
52653677
52654336
52655161
52655267
52657329
52661171
52661555
52661753
52662271
52662373
52662595
52663653
52664283
52665195
52665655
52665683
52665958
52671661
52671803
52672043
52672526
52674999
52675322
52675328
52676600
52677036
52678628
52679646
52680795
52681036
52681215
52683434
52684941
52685472
52685829
52686538
52687352
52689241
52690253
52690324
52691056
52691297
52691430
52692079
52692572
52693101
52694543
52694612
52695508
52696180
52699402
52702136
52703683
52704132
52705611
52706327
52707931
52708832
52708873
52709708
52711468
52713424
52713548
52714503
52714683
52715586
52716772
52720273
52727706
52728985
52729735
52729971
52730224
52730336
52732456
52732714
52734982
52736182
52737217
52737679
52743066
52744906
52746559
52746574
52749646
52751258
52751433
52751484
52752985
52753423
52754847
52756553
52756604
52756636
52758099
52758669
52760479
52760624
52760806
52763050
52764588
52765854
52767753
52768055
52769523
52770445
52774387
52776946
52778075
52778425
52781500
52782351
52782956
52786620
52786668
52788447
52789739
52790719
52792576
52793037
52793079
52793160
52800134
52803870
52804117
52805296
52805518
52808133
52809424
52814300
52814688
52815048
52815690
52816241
52816711
52816894
52817634
52817931
52820704
52820945
52821814
52823749
52823812
52824076
52824512
52824571
52825592
52826433
52828072
52829191
52831230
52831798
52833279
52834232
52836652
52837341
52838243
52839458
52839803
52839821
52840732
52844026
52847954
52848518
52849638
52851538
52852252
53160216
53160373
53163948
53165949
53166411
53173499
53173673
53175765
53175906
53177766
53179260
53179861
53181708
53182201
53182212
53183035
53184649
53185565
53185628
53187004
53187564
53190628
53190988
53191882
53192850
53194312
53194470
53197891
53199039
53199462
53201706
53202155
53204795
53205295
53205414
53217003
53218256
53219737
53221900
53224799
53224991
53226377
53227213
53229323
53229713
53230032
53232807
53234284
53234948
53235258
53237030
53239162
53240274
53240904
53241859
53242682
53246467
53246596
53246759
53247877
53247927
53249442
53250097
53250582
53252394
53253833
53255658
53256839
53257706
53259873
53260927
53261079
53261573
53261996
53264467
53267899
53268124
53274840
53274972
53282137
53284926
53286028
53286475
53287398
53290670
53296256
53298897
53302002
53304588
53310278
53311464
53313585
53314355
53314366
53315876
53317302
53317745
53319844
53321204
53321345
53322294
53322928
53322981
53323385
53329571
53331172
53332062
53332896
53333589
53334754
53334842
53335337
53335394
53335777
53336905
53338613
53340687
53340995
53343112
53343140
53343689
53344459
53345200
53348202
53348564
53349495
53350044
53350197
53351653
53352960
53353116
53356078
53356399
53358631
53358845
53363354
53363893
53364800
53366239
53366380
53367565
53368354
53368364
53369547
53369575
53370500
53372098
53372572
53372755
53373186
53373771
53375658
53375810
53376567
53378072
53379640
53382025
53385282
53388046
53389411
53389753
53391930
53392667
53393205
53397284
53399417
53401534
53402163
53405091
53407283
53407887
53408200
53408978
53411437
53413511
53414145
53415814
53417702
53418384
53419426
53420454
53421967
53422071
53422493
53422629
53426131
53426243
53426617
53428939
53429816
53431451
53432620
53433132
53434854
53434908
53437933
53439384
53439543
53441361
53447050
53448477
53450698
53452153
53453389
53453761
53453770
53453891
53453917
53457354
53460205
53460697
53461275
53480752
53480853
53482428
53483416
53485043
53490765
53493228
53493486
53493902
53494617
53496554
53497454
53497717
53513222
53516519
53518136
53518160
53520161
53521120
53524963
53525054
53527347
53528363
53529323
53530934
53531487
53532132
53532995
53533406
53536219
53536965
53540232
53540279
53541295
53544102
53544727
53545305
53545605
53545767
53546273
53547451
53548320
53548338
53549587
53549791
53550531
53552044
53554693
53554757
53555717
53556999
53557573
53558764
53558801
53559688
53560897
53561416
53562009
53562155
53566041
53567516
53567743
53568684
53568777
53569020
53569378
53569603
53570026
53570058
53571065
53571965
53572086
53572119
53572724
53573230
53573922
53575077
53580233
53580702
53581767
53583111
53583146
53583838
53589561
53594458
53596149
53596675
53596755
53600243
53600974
53602458
53604584
53605888
53609395
53611177
53613647
53616777
53617108
53617165
53618940
53619784
53619958
53619972
53621488
53621731
53621802
53621810
53622595
53623577
53683128
53685038
53686199
53696008
53700899
53704881
53708364
53712841
53717052
53718825
53719531
53721732
53726836
53730174
53733911
53736761
53738748
53740889
53760944
53772310
53787350
53797796
53800762
53806805
53812966
53818707
53822363
53825045
53830927
53853160
53855842
53862835
53868544
53875537
53876295
53880737
53889447
53893382
53895590
53897379
53899307
53905623
53908829
53916554
53939067
53950643
53952630
53974160
53975551
53976558
53978430
53979639
53996256
54002461
54008536
54009005
54019673
54022107
54023329
54030166
54030448
54032708
54866039
54866047
54866622
54866781
54870044
54877903
54891227
54891532
54894924
54896175
54900130
54902309
54907673
54907985
54911092
54911129
54916443
54917631
54919821
54921321
54932509
54935461
54936986
54942468
54944185
54944283
54947208
54958984
54963466
54972465
54979042
54982026
55001869
55012177
55013451
55017248
55019319
55024543
55029021
55056860
55059747
60760185
60761285
60763876
60774909
60782795
60801438
60819586
60889648
60922654
60924516
60933375
60950034
60956848
60959396
60972922
60973330
60978280
60980725
60987285
60992941
60993297
61023174
61026752
61028304
61031251
61036075
61056218
61064636
61071257
61072613
61116665
61137925
61138899
61178197
61215639
61216229
61217529
61218758
61218771
61218847
61218855
61218917
61218983
61219457
61219543
61219570
61219616
61219881
61220044
61220638
61220862
61220885
61221009
61221269
61221353
61221375
61221505
61243422
61286754
61288042
61290099
61294695
61926484
61932521
61950932
61952316
61975666
61990214
62115025
69074635
69105223
69109731
69152488
69214793
69231676
69263344
69266021
69273208
69284974
69294236
69301195
69307315
69323061
69327080
69329110
69332443
69337758
69347464
69352459
69357314
69365909
69371266
69389125
69392304
69412555
69412585
69430625
69433069
69437687
69444104
69450557
69450989
69888694
69889728
71144433
71341891
71343887
71344335
71345706
71347994
71348576
71348590
71349272
71350968
71351572
71364022
71371157
71378089
